[back.jpg]
filters=radblur=1,0.676600,0.632613,1.000000,-0.333333;
moddate=6495f1e103ddd201
width=1920
height=1080
textactive=0
